time,velocity,ratio,centerX,Xmax,Xmin,Ymax
0,0,1,11,10,12,1
0.01,0.0198441,1,10.9999,9.9999,11.9999,1
0.02,0.0395908,1.00001,10.9996,9.99961,11.9996,1
0.03,0.0592308,1.00001,10.9991,9.99913,11.9991,1
0.04,0.0787625,1.00002,10.9984,9.99845,11.9984,1
0.05,0.0981906,1.00003,10.9976,9.99757,11.9975,1
0.06,0.117522,1.00003,10.9965,9.9965,11.9964,1
0.07,0.136753,1.00005,10.9952,9.99525,11.9952,0.999999
0.08,0.155984,1.00006,10.9938,9.99381,11.9937,0.999997
0.09,0.174969,1.00009,10.9921,9.99219,11.992,0.999994
0.1,0.194028,1.00013,10.9903,9.99037,11.9902,1.00002
0.11,0.212868,1.00019,10.9883,9.98838,11.9881,1.00005
0.12,0.231612,1.00026,10.9861,9.98621,11.9859,1.00008
0.13,0.25023,1.00033,10.9836,9.98387,11.9834,1.0001
0.14,0.268797,1.00041,10.9811,9.98135,11.9808,1.00013
0.15,0.28723,1.00051,10.9783,9.97866,11.9779,1.00015
0.16,0.305558,1.00065,10.9753,9.9758,11.9749,1.0002
0.17,0.323784,1.00084,10.9722,9.97278,11.9716,1.00027
0.18,0.341895,1.00105,10.9689,9.96959,11.9682,1.00034
0.19,0.359949,1.00129,10.9654,9.96624,11.9645,1.00042
0.2,0.37784,1.00156,10.9617,9.96273,11.9606,1.00049
0.21,0.395611,1.0019,10.9578,9.95906,11.9565,1.00061
0.22,0.413244,1.00229,10.9538,9.95527,11.9522,1.00074
0.23,0.430764,1.00269,10.9496,9.95131,11.9477,1.00086
0.24,0.448248,1.00314,10.9452,9.94721,11.9429,1.00099
0.25,0.465518,1.00368,10.9406,9.94296,11.938,1.00118
0.26,0.482749,1.00424,10.9359,9.93855,11.9328,1.00137
0.27,0.49976,1.00488,10.931,9.934,11.9274,1.00156
0.28,0.516582,1.00561,10.9259,9.92933,11.9218,1.0018
0.29,0.533278,1.00639,10.9207,9.92455,11.916,1.00207
0.3,0.54981,1.00722,10.9153,9.91964,11.9099,1.00233
0.31,0.566211,1.00816,10.9097,9.91458,11.9036,1.00264
0.32,0.582434,1.00918,10.9039,9.90939,11.8971,1.00297
0.33,0.598467,1.0103,10.898,9.90411,11.8902,1.00329
0.34,0.614382,1.01152,10.892,9.89871,11.8832,1.00369
0.35,0.630031,1.01281,10.8858,9.89317,11.876,1.0041
0.36,0.645499,1.01421,10.8794,9.88754,11.8684,1.00452
0.37,0.66058,1.01577,10.8729,9.88182,11.8606,1.005
0.38,0.675571,1.01734,10.8662,9.87595,11.8526,1.00548
0.39,0.690352,1.01902,10.8594,9.86997,11.8444,1.00601
0.4,0.705011,1.02087,10.8524,9.86394,11.8359,1.00657
0.41,0.719362,1.02283,10.8453,9.85781,11.8271,1.00715
0.42,0.733506,1.02493,10.838,9.85153,11.8181,1.00778
0.43,0.747373,1.02714,10.8306,9.84521,11.8088,1.00841
0.44,0.760989,1.02951,10.8231,9.83878,11.7992,1.00912
0.45,0.774347,1.03196,10.8154,9.83223,11.7893,1.00982
0.46,0.787446,1.03456,10.8076,9.82566,11.7793,1.01059
0.47,0.800273,1.03728,10.7997,9.81895,11.769,1.01136
0.48,0.812798,1.04016,10.7916,9.81216,11.7584,1.01218
0.49,0.825037,1.04319,10.7834,9.80531,11.7475,1.01303
0.5,0.837006,1.04633,10.7751,9.79834,11.7364,1.0139
0.51,0.848708,1.04967,10.7667,9.79135,11.725,1.01482
0.52,0.860162,1.05307,10.7582,9.78422,11.7134,1.01576
0.53,0.8713,1.05665,10.7495,9.77707,11.7015,1.01674
0.54,0.882124,1.06037,10.7408,9.76982,11.6894,1.01774
0.55,0.892644,1.06428,10.7319,9.76251,11.677,1.01879
0.56,0.902896,1.06834,10.7229,9.75514,11.6644,1.01985
0.57,0.912758,1.0725,10.7138,9.74765,11.6515,1.02096
0.58,0.922421,1.0768,10.7047,9.74017,11.6385,1.02208
0.59,0.931789,1.08125,10.6954,9.73258,11.6253,1.02325
0.6,0.940649,1.08589,10.686,9.72498,11.6118,1.02445
0.61,0.94946,1.09064,10.6766,9.71727,11.5981,1.02567
0.62,0.957945,1.09554,10.6671,9.70956,11.5843,1.02693
0.63,0.96613,1.10051,10.6574,9.70174,11.5703,1.02821
0.64,0.97411,1.10567,10.6478,9.69391,11.5562,1.02952
0.65,0.981782,1.11094,10.638,9.68597,11.5418,1.03084
0.66,0.989143,1.11639,10.6281,9.67804,11.5272,1.03221
0.67,0.996318,1.12187,10.6182,9.67001,11.5126,1.03356
0.68,1.00317,1.12754,10.6082,9.66197,11.4978,1.03498
0.69,1.00976,1.13326,10.5981,9.65385,11.4829,1.03638
0.7,1.01609,1.13917,10.588,9.64572,11.4678,1.03786
0.71,1.02222,1.1451,10.5778,9.63751,11.4527,1.03931
0.72,1.02813,1.15118,10.5676,9.62929,11.4376,1.04082
0.73,1.03385,1.15728,10.5573,9.62098,11.4223,1.04232
0.74,1.03938,1.16354,10.5469,9.61267,11.407,1.04386
0.75,1.04467,1.1699,10.5365,9.60432,11.3915,1.04543
0.76,1.04969,1.17627,10.526,9.5959,11.3761,1.04698
0.77,1.05452,1.18276,10.5155,9.58748,11.3606,1.04859
0.78,1.05921,1.18921,10.5049,9.57898,11.3451,1.05016
0.79,1.06372,1.19586,10.4943,9.57048,11.3296,1.05183
0.8,1.06794,1.20245,10.4837,9.56189,11.3141,1.05346
0.81,1.07222,1.20913,10.473,9.55331,11.2986,1.05515
0.82,1.07621,1.21584,10.4622,9.54467,11.2831,1.05685
0.83,1.08009,1.22258,10.4515,9.53601,11.2677,1.05855
0.84,1.08379,1.22943,10.4406,9.52732,11.2522,1.0603
0.85,1.08739,1.23621,10.4298,9.51858,11.2368,1.06201
0.86,1.09093,1.24311,10.4189,9.50986,11.2214,1.0638
0.87,1.09424,1.24995,10.408,9.50104,11.206,1.06556
0.88,1.09743,1.25687,10.397,9.49222,11.1906,1.06735
0.89,1.10049,1.26383,10.386,9.48339,11.1753,1.06916
0.9,1.10358,1.27073,10.375,9.47452,11.1601,1.07097
0.91,1.10652,1.27769,10.364,9.46563,11.145,1.07284
0.92,1.10937,1.28459,10.3529,9.4567,11.1299,1.07467
0.93,1.11209,1.29156,10.3418,9.44776,11.1148,1.07657
0.94,1.11482,1.29848,10.3307,9.43878,11.0999,1.07846
0.95,1.11737,1.30533,10.3195,9.42975,11.085,1.08034
0.96,1.11981,1.31225,10.3083,9.42073,11.0702,1.08228
0.97,1.12224,1.31912,10.2971,9.41165,11.0555,1.08419
0.98,1.12457,1.32606,10.2859,9.40256,11.0407,1.08616
0.99,1.12673,1.33297,10.2746,9.39345,11.0261,1.08813
1,1.12906,1.3398,10.2634,9.38431,11.0115,1.09008
1.01,1.13122,1.34669,10.2521,9.37514,10.9971,1.09211
1.02,1.13337,1.35349,10.2407,9.36593,10.9827,1.09411
1.03,1.13539,1.36027,10.2294,9.35673,10.9683,1.09611
1.04,1.13735,1.36708,10.218,9.34751,10.9541,1.09816
1.05,1.13926,1.37378,10.2066,9.33824,10.9399,1.10018
1.06,1.1411,1.38055,10.1952,9.32897,10.9258,1.10225
1.07,1.14291,1.38732,10.1838,9.31967,10.9117,1.10433
1.08,1.14477,1.39396,10.1724,9.31033,10.8977,1.10637
1.09,1.14663,1.40067,10.1609,9.30098,10.8838,1.10847
1.1,1.14833,1.40731,10.1495,9.2916,10.8699,1.11055
1.11,1.14996,1.41387,10.138,9.28218,10.856,1.11261
1.12,1.15157,1.42048,10.1265,9.27278,10.8423,1.11473
1.13,1.1532,1.42703,10.115,9.26333,10.8286,1.11685
1.14,1.15476,1.4335,10.1034,9.25387,10.815,1.11894
1.15,1.15626,1.44,10.0919,9.24436,10.8014,1.12107
1.16,1.15781,1.4465,10.0803,9.23483,10.7878,1.1232
1.17,1.15933,1.45291,10.0687,9.2253,10.7743,1.12531
1.18,1.16077,1.45921,10.0571,9.21574,10.7609,1.12738
1.19,1.16208,1.46557,10.0455,9.20616,10.7476,1.12951
1.2,1.16345,1.47187,10.0339,9.19658,10.7342,1.13162
1.21,1.1648,1.47809,10.0222,9.18697,10.721,1.1337
1.22,1.16615,1.48424,10.0106,9.17733,10.7078,1.13577
1.23,1.16754,1.49044,9.99892,9.16769,10.6946,1.13787
1.24,1.1688,1.49657,9.98724,9.15801,10.6814,1.13995
1.25,1.17009,1.5026,9.97555,9.14831,10.6683,1.14198
1.26,1.17145,1.50855,9.96384,9.13861,10.6553,1.14397
1.27,1.17277,1.51455,9.95213,9.12888,10.6422,1.14604
1.28,1.17401,1.52046,9.94039,9.11911,10.6293,1.14807
1.29,1.17517,1.52632,9.92865,9.10936,10.6163,1.15006
1.3,1.1764,1.53212,9.91689,9.0996,10.6034,1.15201
1.31,1.17759,1.53784,9.90513,9.0898,10.5905,1.15395
1.32,1.17873,1.5436,9.89335,9.07999,10.5777,1.15592
1.33,1.1799,1.54925,9.88156,9.07017,10.5649,1.15784
1.34,1.18115,1.55481,9.86975,9.0603,10.5521,1.15972
1.35,1.18228,1.56029,9.85794,9.05043,10.5393,1.16157
1.36,1.18341,1.56569,9.84611,9.04056,10.5267,1.16339
1.37,1.18459,1.57108,9.83427,9.03066,10.514,1.16522
1.38,1.18577,1.57648,9.82242,9.02075,10.5013,1.16705
1.39,1.18689,1.58184,9.81056,9.01084,10.4887,1.16883
1.4,1.18822,1.58708,9.79869,9.00089,10.476,1.17057
1.41,1.18925,1.59224,9.78681,8.99092,10.4634,1.17226
1.42,1.19039,1.59733,9.77491,8.98096,10.4508,1.17391
1.43,1.19149,1.6024,9.763,8.97099,10.4382,1.17554
1.44,1.19261,1.60752,9.75108,8.96102,10.4256,1.1772
1.45,1.19374,1.6126,9.73915,8.95105,10.4131,1.17883
1.46,1.19484,1.61762,9.72721,8.94106,10.4005,1.18043
1.47,1.19595,1.62256,9.71526,8.93103,10.388,1.18198
1.48,1.19702,1.62744,9.7033,8.92101,10.3754,1.18349
1.49,1.19817,1.63221,9.69133,8.91097,10.3629,1.18496
1.5,1.19951,1.6369,9.67934,8.9009,10.3505,1.1864
1.51,1.20076,1.64155,9.66734,8.89084,10.338,1.1878
1.52,1.20185,1.64623,9.65533,8.88077,10.3256,1.18922
1.53,1.20298,1.65085,9.64331,8.87069,10.3131,1.19061
1.54,1.20421,1.65544,9.63127,8.86061,10.3007,1.19196
1.55,1.20536,1.65999,9.61923,8.85054,10.2882,1.19328
1.56,1.20655,1.66447,9.60717,8.84044,10.2758,1.19456
1.57,1.20773,1.6689,9.5951,8.83035,10.2634,1.1958
1.58,1.20893,1.67327,9.58302,8.82025,10.251,1.197
1.59,1.21018,1.67757,9.57093,8.81014,10.2386,1.19817
1.6,1.21139,1.68191,9.55882,8.80003,10.2262,1.19937
1.61,1.21258,1.68622,9.5467,8.78992,10.2139,1.20054
1.62,1.2139,1.69049,9.53457,8.77979,10.2015,1.20167
1.63,1.21515,1.69479,9.52243,8.76968,10.1891,1.20277
1.64,1.2164,1.69902,9.51027,8.75956,10.1766,1.20382
1.65,1.21767,1.70318,9.49811,8.74941,10.1642,1.20484
1.66,1.21896,1.70729,9.48592,8.73926,10.1518,1.20583
1.67,1.22029,1.71142,9.47373,8.72913,10.1394,1.2068
1.68,1.22161,1.71553,9.46152,8.719,10.127,1.20773
1.69,1.22292,1.7197,9.4493,8.70888,10.1146,1.2087
1.7,1.22417,1.72386,9.43707,8.69875,10.1022,1.20965
1.71,1.22561,1.72796,9.42482,8.6886,10.0898,1.21058
1.72,1.22697,1.732,9.41256,8.67844,10.0774,1.21147
1.73,1.22836,1.73603,9.40029,8.66827,10.0649,1.21232
1.74,1.22982,1.74001,9.388,8.65809,10.0525,1.21314
1.75,1.23123,1.74396,9.37569,8.64791,10.0401,1.21393
1.76,1.23266,1.74789,9.36338,8.63773,10.0276,1.21468
1.77,1.23414,1.7518,9.35104,8.62753,10.0151,1.2154
1.78,1.23547,1.75581,9.3387,8.61731,10.0026,1.21617
1.79,1.23716,1.7598,9.32634,8.6071,9.99012,1.21692
1.8,1.23863,1.76373,9.31396,8.59687,9.97762,1.21764
1.81,1.24015,1.7676,9.30157,8.58661,9.96512,1.21833
1.82,1.24167,1.77147,9.28916,8.57634,9.95259,1.21899
1.83,1.24337,1.77525,9.27674,8.56603,9.94004,1.2196
1.84,1.24486,1.77895,9.2643,8.55569,9.9275,1.22019
1.85,1.24642,1.78262,9.25185,8.54534,9.91498,1.22077
1.86,1.24797,1.78628,9.23938,8.53496,9.90242,1.22133
1.87,1.24958,1.79004,9.22689,8.52456,9.88983,1.22194
1.88,1.2512,1.7938,9.21439,8.51414,9.8772,1.22253
1.89,1.25289,1.79749,9.20187,8.50368,9.86457,1.2231
1.9,1.25451,1.80109,9.18934,8.49317,9.85195,1.22364
1.91,1.25618,1.80465,9.17678,8.48266,9.83933,1.22416
1.92,1.25783,1.80815,9.16422,8.47211,9.82669,1.22464
1.93,1.25968,1.81158,9.15163,8.46151,9.81404,1.2251
1.94,1.26146,1.81494,9.13903,8.45087,9.80137,1.22553
1.95,1.26317,1.81828,9.1264,8.44019,9.7887,1.22599
1.96,1.26518,1.82159,9.11377,8.42945,9.77603,1.22645
1.97,1.26695,1.82488,9.10111,8.41868,9.76332,1.2269
1.98,1.26875,1.82808,9.08843,8.40784,9.75059,1.22733
1.99,1.27061,1.83122,9.07574,8.39696,9.73785,1.22773
2,1.27237,1.83427,9.06302,8.38601,9.72508,1.22811
2.01,1.27423,1.83723,9.05029,8.375,9.71231,1.22847
2.02,1.27617,1.84012,9.03754,8.36394,9.6995,1.22879
2.03,1.27798,1.84302,9.02477,8.35283,9.68667,1.22915
2.04,1.28001,1.84588,9.01199,8.34167,9.67383,1.22951
2.05,1.28196,1.84867,8.99918,8.33044,9.66097,1.22985
2.06,1.28387,1.85137,8.98635,8.31916,9.64809,1.23017
2.07,1.28594,1.85399,8.9735,8.3078,9.63517,1.23047
2.08,1.28802,1.85652,8.96064,8.29637,9.62224,1.23075
2.09,1.29014,1.85892,8.94775,8.28487,9.6093,1.231
2.1,1.29218,1.86123,8.93484,8.27333,9.59635,1.23122
2.11,1.29419,1.86354,8.92191,8.26172,9.5834,1.2315
2.12,1.29639,1.86577,8.90896,8.25005,9.57043,1.23176
2.13,1.29848,1.86789,8.89598,8.23831,9.55745,1.232
2.14,1.3007,1.86993,8.88299,8.22652,9.54445,1.23222
2.15,1.30294,1.8719,8.86997,8.21467,9.53144,1.23243
2.16,1.30503,1.87378,8.85694,8.20275,9.5184,1.23262
2.17,1.30721,1.87558,8.84388,8.19076,9.50534,1.2328
2.18,1.3094,1.8773,8.8308,8.1787,9.49226,1.23298
2.19,1.31171,1.87902,8.81769,8.16657,9.47917,1.2332
2.2,1.31384,1.88064,8.80457,8.15438,9.46605,1.23339
2.21,1.31609,1.8822,8.79142,8.14213,9.4529,1.23357
2.22,1.3184,1.88369,8.77825,8.12981,9.43972,1.23373
2.23,1.32074,1.88507,8.76506,8.11741,9.42652,1.23388
2.24,1.32304,1.88639,8.75184,8.10497,9.4133,1.23401
2.25,1.32529,1.88764,8.7386,8.09248,9.40006,1.23412
2.26,1.32762,1.8889,8.72534,8.07993,9.38679,1.23427
2.27,1.32992,1.89019,8.71205,8.06731,9.37348,1.23446
2.28,1.33231,1.89132,8.69874,8.05463,9.36015,1.23458
2.29,1.33474,1.89237,8.68541,8.0419,9.34681,1.23468
2.3,1.33714,1.89335,8.67205,8.02911,9.33344,1.23478
2.31,1.33961,1.89429,8.65867,8.01626,9.32005,1.23488
2.32,1.34194,1.89518,8.64526,8.00335,9.30662,1.23496
2.33,1.34443,1.89599,8.63184,7.99038,9.29317,1.23504
2.34,1.34681,1.89683,8.61838,7.97738,9.27971,1.23515
2.35,1.34919,1.89765,8.6049,7.96432,9.26623,1.23528
2.36,1.35158,1.89842,8.5914,7.95121,9.25271,1.23539
2.37,1.354,1.8991,8.57788,7.93805,9.23918,1.23549
2.38,1.35652,1.89971,8.56432,7.92483,9.22564,1.23558
2.39,1.35899,1.90027,8.55075,7.91157,9.21208,1.23566
2.4,1.36141,1.90079,8.53715,7.89826,9.19849,1.23573
2.41,1.36381,1.90131,8.52353,7.88491,9.18486,1.2358
2.42,1.36626,1.90183,8.50988,7.87151,9.17121,1.2359
2.43,1.36882,1.90236,8.4962,7.85807,9.15754,1.23603
2.44,1.37125,1.90287,8.48251,7.8446,9.14384,1.23614
2.45,1.3736,1.90337,8.46878,7.8311,9.13011,1.23625
2.46,1.37596,1.90384,8.45504,7.81754,9.11634,1.23634
2.47,1.37839,1.90428,8.44127,7.80396,9.10254,1.23644
2.48,1.38073,1.9047,8.42747,7.79033,9.08872,1.23652
2.49,1.38313,1.90512,8.41366,7.77667,9.07487,1.23661
2.5,1.3855,1.90557,8.39982,7.76298,9.06097,1.23671
2.51,1.38794,1.90609,8.38595,7.74923,9.04703,1.23686
2.52,1.39013,1.90659,8.37206,7.73546,9.03307,1.23701
2.53,1.39235,1.90711,8.35815,7.72167,9.01909,1.23716
2.54,1.39456,1.90762,8.34422,7.70784,9.00506,1.2373
2.55,1.39675,1.90812,8.33027,7.69398,8.991,1.23744
2.56,1.39898,1.90859,8.31629,7.68009,8.97692,1.23757
2.57,1.40108,1.90906,8.30229,7.66616,8.96282,1.2377
2.58,1.40318,1.90954,8.28827,7.65221,8.94869,1.23784
2.59,1.40522,1.91006,8.27423,7.63824,8.93451,1.23798
2.6,1.40724,1.91065,8.26017,7.62422,8.92029,1.23818
2.61,1.40927,1.91127,8.24609,7.61018,8.90606,1.23838
2.62,1.41126,1.91192,8.23199,7.59614,8.89178,1.23858
2.63,1.41318,1.9126,8.21787,7.58207,8.87746,1.23877
2.64,1.41517,1.91328,8.20373,7.56799,8.8631,1.23896
2.65,1.41706,1.91398,8.18957,7.55387,8.84871,1.23915
2.66,1.41887,1.9147,8.17539,7.53974,8.83429,1.23934
2.67,1.42068,1.91548,8.1612,7.52559,8.81981,1.23953
2.68,1.42243,1.91632,8.14698,7.51143,8.80529,1.23973
2.69,1.42418,1.91719,8.13275,7.49723,8.79073,1.23994
2.7,1.42589,1.91821,8.11851,7.48304,8.77613,1.24021
2.71,1.42758,1.91927,8.10424,7.46883,8.76149,1.24048
2.72,1.42922,1.9204,8.08996,7.45462,8.7468,1.24075
2.73,1.43082,1.92154,8.07566,7.44038,8.73208,1.24103
2.74,1.43244,1.9227,8.06134,7.42614,8.71733,1.24129
2.75,1.43394,1.9239,8.04701,7.41188,8.70255,1.24156
2.76,1.43536,1.92516,8.03267,7.39761,8.68771,1.24183
2.77,1.43688,1.92648,8.01831,7.38334,8.67284,1.2421
2.78,1.43848,1.9278,8.00394,7.36905,8.65794,1.24236
2.79,1.43982,1.92919,7.98955,7.35476,8.643,1.24264
2.8,1.44119,1.93073,7.97514,7.34046,8.62802,1.24296
2.81,1.44245,1.93236,7.96073,7.32616,8.61299,1.24331
2.82,1.44367,1.93401,7.9463,7.31185,8.59794,1.24365
2.83,1.44495,1.9357,7.93186,7.29754,8.58286,1.244
2.84,1.44609,1.93741,7.9174,7.28322,8.56775,1.24433
2.85,1.44722,1.9392,7.90294,7.26889,8.55259,1.24468
2.86,1.4483,1.94102,7.88846,7.25457,8.53742,1.24502
2.87,1.44937,1.94284,7.87398,7.24023,8.52223,1.24536
2.88,1.45036,1.94473,7.85948,7.22591,8.50701,1.24569
2.89,1.45142,1.94667,7.84497,7.21158,8.49176,1.24604
2.9,1.45221,1.94864,7.83046,7.19727,8.47651,1.24639
2.91,1.45307,1.95067,7.81593,7.18293,8.46125,1.24679
2.92,1.45393,1.95276,7.8014,7.1686,8.44597,1.2472
2.93,1.45466,1.95489,7.78686,7.15426,8.43067,1.24762
2.94,1.45535,1.95705,7.77231,7.13993,8.41536,1.24804
2.95,1.45605,1.95918,7.75776,7.12558,8.40004,1.24845
2.96,1.45675,1.96134,7.74319,7.11124,8.38472,1.24886
2.97,1.45737,1.96353,7.72863,7.09691,8.36938,1.24927
2.98,1.45799,1.96576,7.71405,7.08258,8.35402,1.24967
2.99,1.45859,1.96804,7.69947,7.06825,8.33866,1.25011
3,1.45913,1.97026,7.68488,7.05392,8.32331,1.25051
3.01,1.45978,1.97248,7.67029,7.03959,8.30794,1.2509
3.02,1.46015,1.97475,7.65569,7.02526,8.29256,1.2513
3.03,1.46055,1.97711,7.64109,7.01095,8.27719,1.25175
3.04,1.46103,1.97946,7.62648,6.99662,8.26182,1.25221
3.05,1.46156,1.98185,7.61187,6.98231,8.24645,1.25267
3.06,1.46196,1.98427,7.59726,6.968,8.23107,1.25313
3.07,1.46239,1.98668,7.58264,6.9537,8.2157,1.2536
3.08,1.46281,1.98908,7.56801,6.93939,8.20034,1.25407
3.09,1.46312,1.99147,7.55339,6.92508,8.185,1.25455
3.1,1.46341,1.99386,7.53876,6.91077,8.16965,1.25502
3.11,1.46378,1.99624,7.52412,6.89646,8.15431,1.25549
3.12,1.46423,1.9986,7.50948,6.88216,8.13899,1.25596
3.13,1.46448,2.00094,7.49484,6.86784,8.12368,1.25643
3.14,1.46471,2.00331,7.4802,6.85355,8.10837,1.25689
3.15,1.46497,2.00565,7.46555,6.83926,8.09308,1.25736
3.16,1.46518,2.008,7.4509,6.82498,8.07781,1.25784
3.17,1.46533,2.01037,7.43625,6.81069,8.06254,1.25835
3.18,1.46548,2.01276,7.4216,6.79641,8.04728,1.25886
3.19,1.46564,2.01514,7.40694,6.78212,8.03202,1.25936
3.2,1.46574,2.01752,7.39229,6.76785,8.01677,1.25986
3.21,1.46587,2.01986,7.37763,6.75357,8.00153,1.26036
3.22,1.46605,2.02217,7.36298,6.73929,7.98632,1.26085
3.23,1.46604,2.02446,7.34832,6.72502,7.97112,1.26134
3.24,1.46619,2.02674,7.33366,6.71076,7.95594,1.26182
3.25,1.46619,2.02898,7.319,6.6965,7.94079,1.26231
3.26,1.46625,2.03116,7.30434,6.68223,7.92565,1.26279
3.27,1.4662,2.03333,7.28968,6.66796,7.91052,1.26327
3.28,1.4662,2.03546,7.27502,6.6537,7.89542,1.26374
3.29,1.46615,2.03756,7.26036,6.63946,7.88035,1.2642
3.3,1.46615,2.0396,7.2457,6.6252,7.86531,1.26467
3.31,1.46609,2.04168,7.23104,6.61095,7.85029,1.26517
3.32,1.46603,2.04377,7.21638,6.59672,7.8353,1.26569
3.33,1.46602,2.04575,7.20172,6.58249,7.82032,1.26615
3.34,1.466,2.04773,7.18706,6.56825,7.80537,1.26663
3.35,1.46594,2.04966,7.17241,6.55401,7.79042,1.26711
3.36,1.46596,2.05157,7.15775,6.53977,7.77548,1.26758
3.37,1.46591,2.05344,7.14309,6.52552,7.76057,1.26805
3.38,1.46586,2.0553,7.12843,6.51129,7.74568,1.26852
3.39,1.46581,2.05712,7.11378,6.49704,7.73079,1.26899
3.4,1.46569,2.05893,7.09912,6.4828,7.71592,1.26945
3.41,1.46573,2.06073,7.08447,6.46858,7.70106,1.2699
3.42,1.46569,2.0625,7.06981,6.45435,7.6862,1.27035
3.43,1.46583,2.06425,7.05516,6.44012,7.67136,1.27079
3.44,1.46584,2.06597,7.0405,6.42589,7.65652,1.27123
3.45,1.46577,2.06764,7.02584,6.41165,7.6417,1.27165
3.46,1.46574,2.06927,7.01119,6.39743,7.6269,1.27206
3.47,1.46566,2.07091,6.99653,6.38321,7.61211,1.27247
3.48,1.4656,2.07247,6.98188,6.36898,7.59733,1.27286
3.49,1.46556,2.07401,6.96722,6.35476,7.58257,1.27325
3.5,1.46551,2.07551,6.95257,6.34055,7.56783,1.27362
3.51,1.46553,2.07704,6.93792,6.32633,7.5531,1.27402
3.52,1.46547,2.07854,6.92326,6.31211,7.53837,1.27441
3.53,1.46545,2.08002,6.90861,6.2979,7.52367,1.27481
3.54,1.46545,2.08145,6.89396,6.2837,7.50898,1.27519
3.55,1.46544,2.08285,6.87931,6.26949,7.49431,1.27556
3.56,1.46541,2.08421,6.86465,6.25528,7.47966,1.27593
3.57,1.46537,2.08551,6.85,6.24106,7.46502,1.27629
3.58,1.46544,2.0868,6.83535,6.22685,7.45039,1.27664
3.59,1.46536,2.08806,6.8207,6.21265,7.43578,1.27698
3.6,1.46542,2.08929,6.80604,6.19844,7.42117,1.27732
3.61,1.4654,2.09047,6.79139,6.18423,7.40658,1.27764
3.62,1.46536,2.09159,6.77674,6.17002,7.39202,1.27796
3.63,1.46535,2.09264,6.76209,6.15582,7.37749,1.27826
3.64,1.46537,2.09367,6.74744,6.14163,7.36298,1.27855
3.65,1.46544,2.09465,6.73278,6.12743,7.34848,1.27884
3.66,1.46557,2.09557,6.71813,6.11323,7.334,1.2791
3.67,1.46558,2.09649,6.70348,6.09904,7.31952,1.27936
3.68,1.46562,2.09738,6.68882,6.08485,7.30505,1.27961
3.69,1.46566,2.09826,6.67417,6.07067,7.29058,1.27985
3.7,1.46572,2.09911,6.65951,6.05647,7.2761,1.28007
3.71,1.46588,2.09993,6.64486,6.04227,7.26163,1.28029
3.72,1.46606,2.10072,6.6302,6.02806,7.24716,1.28049
3.73,1.46615,2.1015,6.61554,6.01386,7.2327,1.28069
3.74,1.46633,2.10224,6.60088,5.99964,7.21823,1.28088
3.75,1.4664,2.10295,6.58622,5.98543,7.20378,1.28106
3.76,1.46657,2.1037,6.57155,5.97122,7.18933,1.28127
3.77,1.46672,2.10437,6.55689,5.957,7.17488,1.28143
3.78,1.46687,2.10502,6.54222,5.94278,7.16043,1.28159
3.79,1.46709,2.10562,6.52756,5.92856,7.146,1.28173
3.8,1.46725,2.10617,6.51289,5.91433,7.13156,1.28185
3.81,1.46755,2.10671,6.49821,5.90009,7.11713,1.28198
3.82,1.46778,2.10727,6.48354,5.88586,7.10271,1.28211
3.83,1.4681,2.10778,6.46886,5.87161,7.08828,1.28224
3.84,1.46842,2.1083,6.45418,5.85738,7.07387,1.28236
3.85,1.46872,2.10881,6.4395,5.84314,7.05945,1.28248
3.86,1.46897,2.10936,6.42481,5.82891,7.04501,1.28259
3.87,1.46925,2.10989,6.41012,5.81468,7.03056,1.28269
3.88,1.46953,2.11042,6.39543,5.80046,7.01612,1.28278
3.89,1.46991,2.11095,6.38073,5.78622,7.00167,1.28288
3.9,1.47024,2.11147,6.36604,5.77199,6.98722,1.28296
3.91,1.47066,2.11199,6.35133,5.75776,6.97276,1.28304
3.92,1.47094,2.11248,6.33663,5.74352,6.95831,1.28312
3.93,1.47126,2.11297,6.32192,5.72928,6.94386,1.28319
3.94,1.47161,2.11346,6.30721,5.71504,6.9294,1.28325
3.95,1.47195,2.11395,6.29249,5.7008,6.91493,1.2833
3.96,1.47232,2.11438,6.27777,5.68655,6.90047,1.28335
3.97,1.47269,2.11478,6.26305,5.67228,6.88602,1.28339
3.98,1.47309,2.11515,6.24832,5.65802,6.87156,1.28342
3.99,1.47366,2.1155,6.23359,5.64374,6.85711,1.28344
4,1.47411,2.11582,6.21885,5.62946,6.84265,1.28345
4.01,1.47457,2.11609,6.20411,5.61515,6.8282,1.28346
4.02,1.47501,2.11636,6.18936,5.60085,6.81374,1.28346
4.03,1.47546,2.11665,6.17461,5.58655,6.79927,1.28345
4.04,1.47583,2.11691,6.15986,5.57223,6.78479,1.28344
4.05,1.47634,2.11714,6.1451,5.5579,6.77031,1.28342
4.06,1.47686,2.11736,6.13034,5.54355,6.75582,1.2834
4.07,1.47743,2.11756,6.11557,5.5292,6.74132,1.28337
4.08,1.47789,2.11774,6.10079,5.51483,6.72682,1.28334
4.09,1.47846,2.11789,6.08601,5.50045,6.71232,1.2833
4.1,1.47893,2.118,6.07123,5.48605,6.69782,1.28326
4.11,1.4797,2.11812,6.05644,5.47166,6.68331,1.2832
4.12,1.48027,2.11824,6.04164,5.45727,6.66879,1.28315
4.13,1.4809,2.11834,6.02683,5.44285,6.65426,1.28309
4.14,1.48156,2.11841,6.01202,5.42842,6.63973,1.28302
4.15,1.4822,2.11848,5.99721,5.41398,6.62518,1.28295
4.16,1.48288,2.11854,5.98238,5.39953,6.61062,1.28287
4.17,1.48348,2.11859,5.96755,5.38506,6.59605,1.2828
4.18,1.48414,2.11863,5.95272,5.37057,6.58147,1.28273
4.19,1.48478,2.11871,5.93787,5.35607,6.56688,1.28267
4.2,1.48544,2.11883,5.92303,5.34158,6.55225,1.2826
4.21,1.48609,2.11897,5.90817,5.32707,6.53761,1.28254
4.22,1.48674,2.11908,5.89331,5.31254,6.52296,1.28248
4.23,1.4876,2.11918,5.87844,5.298,6.50829,1.28241
4.24,1.48827,2.1193,5.86356,5.28344,6.49361,1.28235
4.25,1.48894,2.11942,5.84868,5.26886,6.4789,1.28229
4.26,1.48957,2.11952,5.83379,5.25428,6.4642,1.28223
4.27,1.49025,2.11958,5.81889,5.23967,6.44949,1.28216
4.28,1.49101,2.11965,5.80398,5.22506,6.43477,1.28208
4.29,1.49181,2.11973,5.78907,5.21043,6.42004,1.28202
4.3,1.49254,2.11978,5.77415,5.1958,6.4053,1.28193
4.31,1.49328,2.11978,5.75923,5.18114,6.39056,1.28185
4.32,1.4941,2.11978,5.74429,5.16646,6.3758,1.28177
4.33,1.49491,2.1198,5.72935,5.15177,6.36103,1.2817
4.34,1.49564,2.1198,5.7144,5.13706,6.34626,1.28163
4.35,1.49638,2.11976,5.69944,5.12232,6.33148,1.28156
4.36,1.49717,2.11971,5.68447,5.10757,6.31668,1.28147
4.37,1.4979,2.11964,5.6695,5.09281,6.30186,1.28138
4.38,1.49862,2.11958,5.65452,5.07804,6.28702,1.28127
4.39,1.49942,2.11944,5.63953,5.06323,6.27217,1.28114
4.4,1.50026,2.11935,5.62453,5.04841,6.25731,1.28105
4.41,1.501,2.11926,5.60953,5.03357,6.24244,1.28095
4.42,1.50188,2.11914,5.59452,5.0187,6.22755,1.28087
4.43,1.50263,2.11901,5.5795,5.00382,6.21266,1.28078
4.44,1.50347,2.11886,5.56447,4.98892,6.19776,1.28068
4.45,1.50432,2.11873,5.54943,4.97401,6.18284,1.28059
4.46,1.50513,2.11861,5.53439,4.95909,6.1679,1.28049
4.47,1.50594,2.11848,5.51933,4.94415,6.15295,1.2804
4.48,1.50684,2.1183,5.50427,4.92919,6.13799,1.2803
4.49,1.50775,2.11817,5.4892,4.91422,6.12301,1.28022
4.5,1.50852,2.11807,5.47412,4.89922,6.10802,1.28016
4.51,1.50932,2.11797,5.45903,4.88421,6.09301,1.2801
4.52,1.51012,2.11785,5.44394,4.86918,6.07799,1.28003
4.53,1.51095,2.11774,5.42883,4.85414,6.06295,1.27998
4.54,1.51173,2.11766,5.41372,4.83908,6.04788,1.27992
4.55,1.51255,2.11761,5.3986,4.824,6.0328,1.27987
4.56,1.51355,2.11751,5.38347,4.8089,6.0177,1.27982
4.57,1.51433,2.11743,5.36834,4.79379,6.00259,1.27977
4.58,1.51504,2.11735,5.35319,4.77867,5.98747,1.27973
4.59,1.5158,2.11728,5.33804,4.76352,5.97234,1.2797
4.6,1.51664,2.11716,5.32288,4.74836,5.9572,1.27965
4.61,1.51738,2.11705,5.30771,4.73318,5.94205,1.27962
4.62,1.51822,2.11696,5.29253,4.718,5.92689,1.27958
4.63,1.51893,2.11688,5.27735,4.70281,5.9117,1.27954
4.64,1.51969,2.11679,5.26216,4.6876,5.89651,1.2795
4.65,1.52057,2.11669,5.24696,4.67238,5.88131,1.27947
4.66,1.52128,2.1166,5.23175,4.65715,5.8661,1.27943
4.67,1.52201,2.11652,5.21654,4.6419,5.85087,1.27941
4.68,1.52272,2.11644,5.20132,4.62664,5.83563,1.27938
4.69,1.52343,2.11633,5.18609,4.61135,5.82039,1.27936
4.7,1.52406,2.11627,5.17085,4.59608,5.80513,1.27934
4.71,1.52482,2.11623,5.15561,4.58079,5.78984,1.27932
4.72,1.5256,2.11618,5.14036,4.56548,5.77455,1.27931
4.73,1.52629,2.11612,5.1251,4.55015,5.75925,1.27929
4.74,1.52696,2.11608,5.10984,4.53483,5.74393,1.27929
4.75,1.5276,2.11605,5.09457,4.51948,5.72861,1.27929
4.76,1.52829,2.11601,5.07929,4.50412,5.71327,1.27928
4.77,1.52898,2.11596,5.06401,4.48875,5.69793,1.27928
4.78,1.52939,2.11594,5.04872,4.47339,5.68257,1.27929
4.79,1.53004,2.11595,5.03342,4.45801,5.6672,1.27929
4.8,1.53066,2.11596,5.01812,4.44263,5.65181,1.27929
4.81,1.53132,2.11597,5.00281,4.42723,5.63642,1.2793
4.82,1.53197,2.11601,4.9875,4.41183,5.62101,1.27932
4.83,1.53253,2.11612,4.97218,4.39643,5.60559,1.27936
4.84,1.53309,2.11625,4.95685,4.38102,5.59015,1.2794
4.85,1.53362,2.11637,4.94152,4.3656,5.5747,1.27945
4.86,1.5342,2.11654,4.92618,4.35018,5.55924,1.2795
4.87,1.53465,2.11677,4.91084,4.33477,5.54375,1.27956
4.88,1.53523,2.11703,4.89549,4.31935,5.52824,1.27963
4.89,1.53587,2.11729,4.88014,4.30392,5.51272,1.27969
4.9,1.53634,2.11758,4.86478,4.28849,5.4972,1.27976
4.91,1.53676,2.1179,4.84941,4.27306,5.48166,1.27985
4.92,1.53717,2.11823,4.83405,4.25762,5.46611,1.27993
4.93,1.53776,2.11854,4.81867,4.24217,5.45056,1.28001
4.94,1.53816,2.11888,4.8033,4.22674,5.43501,1.28009
4.95,1.53835,2.11924,4.78791,4.21131,5.41945,1.28017
4.96,1.53872,2.11963,4.77253,4.19587,5.40387,1.28026
4.97,1.53921,2.12,4.75714,4.18042,5.3883,1.28035
4.98,1.53964,2.12038,4.74175,4.16498,5.37272,1.28043
4.99,1.53993,2.12079,4.72636,4.14954,5.35713,1.28053
5,1.54023,2.12123,4.71096,4.1341,5.34154,1.28063
5.01,1.54051,2.12164,4.69556,4.11864,5.32594,1.28073
5.02,1.54078,2.1221,4.68015,4.1032,5.31033,1.28083
5.03,1.54097,2.12259,4.66474,4.08776,5.29471,1.28093
5.04,1.54125,2.12313,4.64933,4.07232,5.27908,1.28104
5.05,1.54156,2.12365,4.63392,4.05687,5.26344,1.28116
5.06,1.54175,2.12424,4.61851,4.04143,5.2478,1.28131
5.07,1.54201,2.12483,4.60309,4.026,5.23216,1.28144
5.08,1.54219,2.1254,4.58767,4.01056,5.21651,1.28156
5.09,1.54244,2.12591,4.57225,3.99511,5.20086,1.28167
5.1,1.54264,2.12645,4.55683,3.97967,5.18522,1.28178
5.11,1.54284,2.12701,4.5414,3.96423,5.16957,1.28188
5.12,1.54297,2.12761,4.52598,3.9488,5.15391,1.282
5.13,1.54315,2.12821,4.51055,3.93336,5.13825,1.28213
5.14,1.54333,2.12879,4.49512,3.91793,5.1226,1.28225
5.15,1.54354,2.12942,4.47968,3.9025,5.10695,1.28239
5.16,1.54362,2.13005,4.46425,3.88707,5.09129,1.28252
5.17,1.54376,2.13066,4.44882,3.87163,5.07563,1.28265
5.18,1.54383,2.13131,4.43338,3.85621,5.05997,1.28279
5.19,1.54383,2.13202,4.41794,3.8408,5.04429,1.28293
5.2,1.54386,2.13274,4.40251,3.82539,5.02861,1.28307
5.21,1.54399,2.13346,4.38707,3.80998,5.01293,1.28322
5.22,1.54416,2.13418,4.37163,3.79457,4.99725,1.28336
5.23,1.54416,2.13493,4.35619,3.77917,4.98156,1.28352
5.24,1.54409,2.1357,4.34075,3.76377,4.96588,1.28367
5.25,1.5441,2.13645,4.32531,3.74837,4.95021,1.28383
5.26,1.54414,2.13719,4.30987,3.73298,4.93454,1.28398
5.27,1.54417,2.13795,4.29443,3.71759,4.91887,1.28414
5.28,1.54408,2.13871,4.27899,3.70221,4.9032,1.28429
5.29,1.544,2.13945,4.26356,3.68683,4.88755,1.28444
5.3,1.54406,2.1402,4.24812,3.67146,4.8719,1.28459
5.31,1.5439,2.14095,4.23268,3.65608,4.85626,1.28475
5.32,1.54376,2.14171,4.21724,3.64072,4.84062,1.28493
5.33,1.54364,2.14246,4.20181,3.62535,4.82499,1.28509
5.34,1.54353,2.14322,4.18637,3.60998,4.80936,1.28526
5.35,1.54336,2.14401,4.17094,3.59464,4.79373,1.28544
5.36,1.54299,2.14482,4.15551,3.5793,4.7781,1.28561
5.37,1.54293,2.14561,4.14008,3.56395,4.76248,1.28579
5.38,1.54287,2.14638,4.12466,3.54861,4.74687,1.28596
5.39,1.54272,2.14716,4.10923,3.53328,4.73127,1.28614
5.4,1.54261,2.14792,4.09381,3.51795,4.71568,1.28631
5.41,1.54247,2.14866,4.07838,3.50261,4.70009,1.28649
5.42,1.54246,2.14937,4.06296,3.48728,4.68452,1.28666
5.43,1.54236,2.15012,4.04754,3.47197,4.66896,1.28683
5.44,1.54221,2.15086,4.03212,3.45667,4.65339,1.28699
5.45,1.54211,2.15158,4.0167,3.44136,4.63784,1.28716
5.46,1.54201,2.15226,4.00128,3.42606,4.62231,1.28732
5.47,1.54195,2.15295,3.98586,3.41076,4.60678,1.28749
5.48,1.54173,2.15363,3.97044,3.39546,4.59126,1.28765
5.49,1.5416,2.15432,3.95503,3.38017,4.57573,1.28781
5.5,1.54146,2.15497,3.93962,3.36487,4.56022,1.28797
5.51,1.54124,2.15565,3.9242,3.34958,4.54471,1.28814
5.52,1.54101,2.15635,3.90879,3.33431,4.5292,1.2883
5.53,1.54075,2.15704,3.89339,3.31904,4.51369,1.28846
5.54,1.54078,2.15771,3.87798,3.30376,4.49819,1.28862
5.55,1.54057,2.15839,3.86258,3.28849,4.48269,1.28878
5.56,1.54031,2.15906,3.84717,3.27323,4.46721,1.28894
5.57,1.54011,2.1597,3.83177,3.25797,4.45174,1.2891
5.58,1.53993,2.16032,3.81638,3.24271,4.43628,1.28925
5.59,1.53974,2.16095,3.80098,3.22745,4.42082,1.2894
5.6,1.5395,2.16158,3.78559,3.21221,4.40537,1.28955
5.61,1.53927,2.16221,3.77019,3.19698,4.38993,1.2897
5.62,1.53903,2.16277,3.7548,3.18174,4.3745,1.28984
5.63,1.53896,2.16334,3.73942,3.1665,4.35908,1.28998
5.64,1.53862,2.1639,3.72403,3.15127,4.34367,1.29011
5.65,1.53841,2.16448,3.70865,3.13606,4.32827,1.29025
5.66,1.53814,2.16501,3.69327,3.12083,4.31286,1.29038
5.67,1.53787,2.16556,3.67789,3.10562,4.29747,1.29051
5.68,1.53759,2.16614,3.66251,3.09042,4.28208,1.29064
5.69,1.53734,2.16669,3.64714,3.07522,4.26669,1.29077
5.7,1.53722,2.16721,3.63177,3.06002,4.25132,1.2909
5.71,1.53699,2.16773,3.6164,3.04483,4.23595,1.29102
5.72,1.53666,2.16823,3.60103,3.02963,4.22059,1.29114
5.73,1.5364,2.16873,3.58567,3.01444,4.20524,1.29126
5.74,1.53618,2.16919,3.57031,2.99925,4.1899,1.29137
5.75,1.53601,2.16965,3.55495,2.98406,4.17456,1.29149
5.76,1.53576,2.17014,3.53959,2.9689,4.15923,1.29159
5.77,1.53552,2.17061,3.52424,2.95375,4.14392,1.29169
5.78,1.53535,2.17106,3.50889,2.9386,4.12861,1.29179
5.79,1.5352,2.17151,3.49354,2.92345,4.1133,1.29188
5.8,1.53503,2.17193,3.47819,2.9083,4.098,1.29197
5.81,1.53483,2.17235,3.46284,2.89315,4.0827,1.29206
5.82,1.53471,2.17275,3.44749,2.878,4.06741,1.29214
5.83,1.53444,2.17314,3.43215,2.86285,4.05212,1.29222
5.84,1.53418,2.17353,3.41681,2.84772,4.03684,1.2923
5.85,1.53393,2.17392,3.40147,2.83258,4.02156,1.29238
5.86,1.53386,2.1743,3.38613,2.81745,4.00628,1.29245
5.87,1.53378,2.17467,3.3708,2.80231,3.99101,1.29251
5.88,1.53351,2.17503,3.35546,2.78718,3.97574,1.29258
5.89,1.53328,2.17539,3.34013,2.77205,3.96048,1.29265
5.9,1.5331,2.17572,3.3248,2.75692,3.94522,1.2927
5.91,1.53295,2.17603,3.30947,2.74179,3.92997,1.29276
5.92,1.53273,2.17636,3.29415,2.72669,3.91473,1.2928
5.93,1.53245,2.1767,3.27882,2.71159,3.89949,1.29285
5.94,1.53227,2.17703,3.2635,2.6965,3.88426,1.29289
5.95,1.53217,2.17732,3.24818,2.6814,3.86903,1.29293
5.96,1.53198,2.17761,3.23286,2.66631,3.85381,1.29296
5.97,1.53178,2.17789,3.21754,2.65121,3.8386,1.293
5.98,1.53159,2.17818,3.20223,2.63613,3.82338,1.29303
5.99,1.53139,2.17844,3.18691,2.62104,3.80817,1.29305
6,1.53116,2.17873,3.1716,2.60596,3.79296,1.29308
6.01,1.53094,2.17901,3.1563,2.59089,3.77776,1.29311
6.02,1.53074,2.17927,3.14099,2.57582,3.76257,1.29313
6.03,1.53058,2.1795,3.12568,2.56074,3.74738,1.29314
6.04,1.5304,2.17972,3.11038,2.54566,3.73219,1.29316
6.05,1.53006,2.17996,3.09508,2.53058,3.717,1.29318
6.06,1.52948,2.18018,3.07978,2.51551,3.70182,1.29319
6.07,1.52911,2.18037,3.06449,2.50043,3.68665,1.2932
6.08,1.52897,2.18055,3.0492,2.48536,3.67149,1.29321
6.09,1.52882,2.18075,3.03392,2.47031,3.65634,1.29321
6.1,1.52864,2.18094,3.01863,2.45526,3.64118,1.29321
6.11,1.52856,2.1811,3.00335,2.44021,3.62604,1.29321
6.12,1.52841,2.18124,2.98806,2.42515,3.61089,1.29319
6.13,1.52818,2.18138,2.97278,2.4101,3.59576,1.29319
6.14,1.52796,2.18148,2.9575,2.39504,3.58063,1.29317
6.15,1.52772,2.18161,2.94223,2.37999,3.5655,1.29316
6.16,1.52754,2.18169,2.92695,2.36493,3.55037,1.29314
6.17,1.52732,2.18182,2.91168,2.34987,3.53524,1.29312
6.18,1.52708,2.18194,2.89641,2.33482,3.5201,1.2931
6.19,1.52706,2.18206,2.88114,2.31977,3.50497,1.29309
6.2,1.52684,2.18213,2.86587,2.3047,3.48984,1.29306
6.21,1.52658,2.18221,2.85061,2.28964,3.47471,1.29305
6.22,1.52645,2.18228,2.83534,2.27457,3.45959,1.29303
6.23,1.52627,2.18233,2.82008,2.2595,3.44448,1.293
6.24,1.52605,2.18234,2.80482,2.24442,3.42936,1.29297
6.25,1.52589,2.18237,2.78956,2.22935,3.41425,1.29294
6.26,1.52571,2.18242,2.77431,2.21429,3.39914,1.29291
6.27,1.52562,2.18247,2.75905,2.19924,3.38403,1.29288
6.28,1.52541,2.18248,2.7438,2.18418,3.36892,1.29284
6.29,1.52519,2.18251,2.72855,2.16912,3.35382,1.2928
6.3,1.52501,2.18253,2.7133,2.15406,3.33871,1.29276
6.31,1.52479,2.18254,2.69805,2.139,3.32361,1.29272
6.32,1.52459,2.18253,2.68281,2.12394,3.30851,1.29268
6.33,1.5243,2.18254,2.66756,2.10887,3.2934,1.29265
6.34,1.52408,2.18258,2.65232,2.09382,3.2783,1.29261
6.35,1.524,2.18261,2.63709,2.07877,3.26319,1.29257
6.36,1.52374,2.18264,2.62185,2.06371,3.24808,1.29253
6.37,1.52346,2.18267,2.60662,2.04865,3.23297,1.29249
6.38,1.52322,2.18269,2.59138,2.03359,3.21786,1.29245
6.39,1.52298,2.18269,2.57615,2.01852,3.20276,1.29242
6.4,1.52272,2.1827,2.56093,2.00346,3.18766,1.29238
6.41,1.52245,2.18272,2.5457,1.98839,3.17256,1.29236
6.42,1.5222,2.18276,2.53048,1.97335,3.15747,1.29232
6.43,1.52201,2.1828,2.51526,1.9583,3.14237,1.2923
6.44,1.52185,2.18284,2.50005,1.94326,3.12728,1.29226
6.45,1.52152,2.18287,2.48483,1.92821,3.11218,1.29223
6.46,1.52116,2.18292,2.46962,1.91317,3.09709,1.2922
6.47,1.52086,2.18296,2.45441,1.89813,3.082,1.29217
6.48,1.52044,2.18302,2.43921,1.8831,3.06691,1.29214
6.49,1.52004,2.18307,2.42401,1.86806,3.05182,1.29211
6.5,1.51966,2.18315,2.40881,1.85303,3.03672,1.29209
6.51,1.51947,2.18328,2.39362,1.83801,3.02162,1.29207
6.52,1.51902,2.1834,2.37843,1.823,3.00652,1.29205
6.53,1.51861,2.18352,2.36324,1.80798,2.99141,1.29203
6.54,1.51815,2.18367,2.34806,1.79296,2.97631,1.29202
6.55,1.51769,2.18381,2.33288,1.77795,2.9612,1.292
6.56,1.51727,2.18396,2.31771,1.76294,2.9461,1.29199
6.57,1.51673,2.18411,2.30254,1.74793,2.931,1.29198
6.58,1.51625,2.18428,2.28738,1.73294,2.9159,1.29196
6.59,1.51578,2.18449,2.27222,1.71796,2.90081,1.29196
6.6,1.51524,2.18471,2.25706,1.703,2.88571,1.29194
6.61,1.51473,2.18494,2.24192,1.68803,2.87061,1.29193
6.62,1.51418,2.18519,2.22677,1.67308,2.85551,1.29193
6.63,1.5136,2.18546,2.21163,1.65813,2.84042,1.29192
6.64,1.51291,2.18572,2.1965,1.64319,2.82534,1.29192
6.65,1.5122,2.186,2.18138,1.62826,2.81025,1.29193
6.66,1.51148,2.18631,2.16626,1.61333,2.79517,1.29193
6.67,1.5106,2.18666,2.15115,1.59843,2.78008,1.29194
6.68,1.5099,2.18703,2.13605,1.58353,2.76499,1.29195
6.69,1.50913,2.18739,2.12096,1.56864,2.74991,1.29196
6.7,1.50829,2.18777,2.10587,1.55375,2.73483,1.29197
6.71,1.50747,2.1882,2.0908,1.53887,2.71975,1.292
6.72,1.50668,2.18862,2.07573,1.524,2.70467,1.29202
6.73,1.50586,2.18907,2.06067,1.50915,2.6896,1.29204
6.74,1.50491,2.18951,2.04561,1.4943,2.67453,1.29207
6.75,1.50393,2.19002,2.03057,1.47948,2.65947,1.2921
6.76,1.50305,2.19057,2.01554,1.46468,2.6444,1.29213
6.77,1.5021,2.19115,2.00051,1.44991,2.62935,1.29216
6.78,1.50105,2.19173,1.9855,1.43514,2.6143,1.29219
6.79,1.49993,2.19237,1.9705,1.4204,2.59925,1.29224
6.8,1.49876,2.19301,1.95551,1.40567,2.58421,1.29228
6.81,1.49755,2.19371,1.94052,1.39096,2.56917,1.29233
6.82,1.49634,2.19443,1.92556,1.37627,2.55414,1.29238
6.83,1.49506,2.19524,1.9106,1.36159,2.53911,1.29247
6.84,1.49371,2.19612,1.89566,1.34695,2.52408,1.29256
6.85,1.49247,2.19702,1.88073,1.33232,2.50905,1.29265
6.86,1.49105,2.19795,1.86581,1.31772,2.49404,1.29274
6.87,1.48955,2.19891,1.85091,1.30313,2.47903,1.29285
6.88,1.48806,2.19992,1.83603,1.28857,2.46402,1.29295
6.89,1.48653,2.20093,1.82115,1.27402,2.44904,1.29307
6.9,1.48489,2.20197,1.8063,1.25951,2.43407,1.29317
6.91,1.48323,2.20305,1.79146,1.24501,2.4191,1.29329
6.92,1.48147,2.20421,1.77664,1.23055,2.40414,1.29341
6.93,1.47979,2.20543,1.76183,1.21614,2.38919,1.29354
6.94,1.47798,2.20668,1.74705,1.20176,2.37426,1.29366
6.95,1.47604,2.20799,1.73228,1.18741,2.35933,1.2938
6.96,1.47406,2.20934,1.71753,1.17309,2.34443,1.29394
6.97,1.47199,2.21073,1.7028,1.1588,2.32953,1.29408
6.98,1.46986,2.21217,1.68809,1.14456,2.31466,1.29423
6.99,1.46765,2.21367,1.6734,1.13035,2.2998,1.29439
7,1.46542,2.2152,1.65874,1.11616,2.28495,1.29456
7.01,1.46313,2.21683,1.6441,1.10203,2.27012,1.29473
7.02,1.46081,2.21851,1.62948,1.08794,2.2553,1.2949
7.03,1.45838,2.22024,1.61489,1.07389,2.2405,1.29508
7.04,1.4558,2.22203,1.60032,1.05987,2.22572,1.29527
7.05,1.45321,2.22397,1.58577,1.04591,2.21095,1.29551
7.06,1.45056,2.22596,1.57126,1.03199,2.1962,1.29575
7.07,1.44773,2.22801,1.55677,1.01811,2.18148,1.296
7.08,1.44489,2.23014,1.5423,1.00429,2.16678,1.29625
7.09,1.44188,2.23232,1.52787,0.990511,2.1521,1.29652
7.1,1.43896,2.2346,1.51347,0.976804,2.13744,1.29678
7.11,1.43578,2.23705,1.4991,0.963162,2.1228,1.29709
7.12,1.43253,2.23947,1.48475,0.949581,2.10819,1.29733
7.13,1.42912,2.24202,1.47045,0.936052,2.0936,1.29762
7.14,1.42569,2.24464,1.45617,0.922592,2.07904,1.2979
7.15,1.42212,2.24737,1.44194,0.909196,2.0645,1.2982
7.16,1.41845,2.25021,1.42773,0.895871,2.05,1.29851
7.17,1.41468,2.25318,1.41357,0.882615,2.0355,1.29883
7.18,1.41079,2.25622,1.39944,0.869412,2.02104,1.29916
7.19,1.40686,2.25939,1.38536,0.856301,2.0066,1.29949
7.2,1.40276,2.26268,1.37131,0.843271,1.9922,1.29983
7.21,1.39849,2.26618,1.3573,0.830313,1.97783,1.30024
7.22,1.39395,2.26981,1.34334,0.817435,1.9635,1.30068
7.23,1.38946,2.27356,1.32943,0.804633,1.9492,1.30112
7.24,1.38482,2.27741,1.31556,0.791918,1.93494,1.30156
7.25,1.38008,2.2814,1.30173,0.779287,1.92071,1.30202
7.26,1.37513,2.28553,1.28796,0.766752,1.90652,1.30249
7.27,1.37014,2.28979,1.27423,0.754303,1.89237,1.30296
7.28,1.36495,2.29416,1.26056,0.741947,1.87826,1.30344
7.29,1.35959,2.29871,1.24693,0.729707,1.86419,1.30392
7.3,1.3539,2.30342,1.23337,0.717575,1.85017,1.30442
7.31,1.34829,2.3083,1.21985,0.705549,1.83618,1.30492
7.32,1.34252,2.31337,1.2064,0.693628,1.82224,1.30545
7.33,1.33655,2.31872,1.19301,0.681816,1.80834,1.30605
7.34,1.33042,2.32426,1.17967,0.670122,1.79449,1.30667
7.35,1.32417,2.33001,1.1664,0.658547,1.78069,1.3073
7.36,1.31773,2.33594,1.15319,0.647083,1.76693,1.30795
7.37,1.3111,2.34207,1.14005,0.635747,1.75322,1.3086
7.38,1.3043,2.34836,1.12697,0.624524,1.73956,1.30926
7.39,1.29734,2.35493,1.11396,0.613443,1.72596,1.30994
7.4,1.29014,2.36175,1.10102,0.602502,1.71239,1.31064
7.41,1.28278,2.36895,1.08816,0.591691,1.69889,1.31145
7.42,1.27521,2.37639,1.07537,0.581024,1.68544,1.31226
7.43,1.26746,2.38404,1.06266,0.570493,1.67205,1.31308
7.44,1.25957,2.39186,1.05002,0.560094,1.65872,1.31389
7.45,1.25134,2.39996,1.03747,0.549853,1.64545,1.3147
7.46,1.24302,2.40827,1.025,0.539755,1.63226,1.31552
7.47,1.23454,2.41682,1.01261,0.529806,1.61913,1.31635
7.48,1.22591,2.42574,1.0003,0.520012,1.60607,1.31724
7.49,1.21703,2.43511,0.98809,0.510375,1.59307,1.31825
7.5,1.20799,2.44472,0.975964,0.500878,1.58015,1.31926
7.51,1.19866,2.45459,0.963929,0.491542,1.5673,1.32028
7.52,1.18916,2.46476,0.951993,0.482374,1.55453,1.3213
7.53,1.17944,2.47526,0.940146,0.473366,1.54181,1.32234
7.54,1.16944,2.48612,0.928403,0.46452,1.52917,1.32342
7.55,1.15927,2.49734,0.916757,0.455784,1.51661,1.32461
7.56,1.1489,2.50844,0.905216,0.44707,1.50414,1.32579
7.57,1.13836,2.51951,0.893782,0.438384,1.49174,1.32698
7.58,1.1277,2.53066,0.882447,0.429745,1.47943,1.3282
7.59,1.11672,2.54177,0.871232,0.421163,1.46719,1.32939
7.6,1.10555,2.55317,0.860111,0.412625,1.45505,1.33074
7.61,1.09422,2.56441,0.849119,0.404119,1.44301,1.33207
7.62,1.08259,2.57562,0.838226,0.395653,1.43106,1.33341
7.63,1.07078,2.5868,0.827465,0.387217,1.41919,1.33475
7.64,1.05885,2.59798,0.816809,0.378813,1.4074,1.33613
7.65,1.04663,2.6094,0.806287,0.370455,1.39572,1.33767
7.66,1.0341,2.62073,0.795879,0.362166,1.38416,1.33919
7.67,1.02146,2.63196,0.785604,0.353924,1.37269,1.34068
7.68,1.00858,2.64325,0.775451,0.345744,1.36132,1.34221
7.69,0.9955,2.65469,0.765431,0.33761,1.35007,1.34388
7.7,0.982198,2.66603,0.755544,0.329555,1.33891,1.34548
7.71,0.968706,2.67744,0.745787,0.321565,1.32781,1.34709
7.72,0.95496,2.68898,0.73617,0.313632,1.31682,1.34878
7.73,0.941039,2.70067,0.726688,0.305758,1.30594,1.35058
7.74,0.926902,2.71232,0.71735,0.297949,1.29514,1.35236
7.75,0.912495,2.72385,0.708151,0.290208,1.28444,1.35407
7.76,0.897919,2.7356,0.699099,0.282546,1.27388,1.35594
7.77,0.883146,2.74729,0.690193,0.274969,1.26345,1.35783
7.78,0.868102,2.75898,0.681436,0.267489,1.25312,1.35966
7.79,0.852919,2.77092,0.672831,0.260092,1.24292,1.36167
7.8,0.837536,2.78248,0.664377,0.252768,1.2329,1.36361
7.81,0.822014,2.79392,0.656081,0.245523,1.22297,1.36545
7.82,0.806237,2.80573,0.647936,0.238374,1.21318,1.36752
7.83,0.790318,2.81722,0.639957,0.231355,1.20357,1.36948
7.84,0.774236,2.82891,0.632129,0.224424,1.19405,1.37148
7.85,0.757969,2.8406,0.624473,0.217603,1.18468,1.37354
7.86,0.741322,2.8521,0.616971,0.210876,1.17548,1.37558
7.87,0.724522,2.86405,0.609643,0.20428,1.16636,1.37772
7.88,0.707581,2.87528,0.602482,0.197741,1.15742,1.37968
7.89,0.690435,2.88702,0.595489,0.191348,1.14856,1.38174
7.9,0.673159,2.89881,0.588675,0.18512,1.13985,1.38379
7.91,0.655575,2.9103,0.582026,0.178953,1.13131,1.38583
7.92,0.637815,2.92223,0.57556,0.172969,1.12283,1.38785
7.93,0.619861,2.93374,0.569271,0.167081,1.11463,1.38993
7.94,0.601774,2.94525,0.56316,0.161323,1.10647,1.39185
7.95,0.583556,2.95657,0.557237,0.155711,1.09859,1.39384
7.96,0.565211,2.96777,0.551489,0.150214,1.09075,1.39565
7.97,0.546677,2.97896,0.545927,0.144879,1.08319,1.39759
7.98,0.528118,2.9902,0.540556,0.139713,1.0757,1.3994
7.99,0.509365,3.00119,0.535366,0.134657,1.0684,1.40117
8,0.490492,3.01262,0.530365,0.129795,1.06121,1.40299
8.01,0.471535,3.02319,0.525559,0.125018,1.05427,1.40465
8.02,0.45247,3.03433,0.520938,0.120463,1.04739,1.4063
8.03,0.433362,3.04484,0.516507,0.116022,1.04079,1.40789
8.04,0.414315,3.05582,0.512268,0.111769,1.03419,1.40937
8.05,0.395281,3.06599,0.508224,0.107732,1.02797,1.41073
8.06,0.376174,3.07686,0.504364,0.103844,1.02174,1.41212
8.07,0.357108,3.08673,0.500696,0.0999994,1.0158,1.41342
8.08,0.338099,3.09713,0.497221,0.0964319,1.00992,1.4146
8.09,0.319216,3.10735,0.493937,0.0930235,1.00423,1.41572
8.1,0.30051,3.11712,0.490838,0.0898062,0.998846,1.41679
8.11,0.282005,3.12721,0.487924,0.0867571,0.993435,1.41769
8.12,0.263642,3.13631,0.485194,0.0837668,0.988323,1.41848
8.13,0.245573,3.14627,0.482648,0.0810686,0.983287,1.41931
8.14,0.227833,3.15664,0.480283,0.0785501,0.978265,1.42004
8.15,0.210415,3.16541,0.478092,0.076136,0.973698,1.42058
8.16,0.193275,3.17407,0.476073,0.0738404,0.969219,1.421
8.17,0.176502,3.18312,0.474223,0.0717308,0.964746,1.42129
8.18,0.160071,3.19163,0.472539,0.0697755,0.960544,1.4215
8.19,0.144002,3.19972,0.471017,0.0679178,0.956537,1.42167
8.2,0.128443,3.20819,0.469655,0.0661863,0.952514,1.42175
8.21,0.113341,3.2162,0.468447,0.0645934,0.948699,1.42173
8.22,0.0987234,3.22313,0.467387,0.0631677,0.945264,1.42156
8.23,0.0845607,3.23009,0.46647,0.0618812,0.941888,1.42125
8.24,0.070852,3.23662,0.465693,0.0606129,0.938576,1.42082
8.25,0.0575756,3.24262,0.46505,0.0595013,0.935487,1.42025
8.26,0.0448046,3.24779,0.464537,0.058528,0.932687,1.41954
8.27,0.0325066,3.25277,0.46415,0.0576751,0.930011,1.41876
8.28,0.0206029,3.25823,0.463883,0.0568684,0.927246,1.41794
8.29,0.00910676,3.26289,0.463733,0.0560656,0.924673,1.41708
8.3,-0.00201293,3.2669,0.463696,0.0553736,0.92234,1.41614
8.31,-0.01273,3.27014,0.463769,0.0547949,0.920268,1.41511
8.32,-0.0230161,3.27263,0.463946,0.0542877,0.918442,1.41403
8.33,-0.0328425,3.27463,0.464224,0.0536942,0.916621,1.41288
8.34,-0.0422812,3.27695,0.464598,0.0532325,0.914766,1.4116
8.35,-0.0514174,3.27926,0.465064,0.0529275,0.912991,1.41019
8.36,-0.060186,3.28095,0.46562,0.0526089,0.911355,1.40875
8.37,-0.0686076,3.28207,0.466262,0.0523219,0.90988,1.40728
8.38,-0.0766606,3.28272,0.466987,0.0520995,0.908544,1.40573
8.39,-0.0844553,3.28282,0.46779,0.0519246,0.907341,1.40409
8.4,-0.0919841,3.28219,0.468671,0.0517221,0.906302,1.40245
8.41,-0.0992018,3.28127,0.469626,0.0516842,0.905442,1.4007
8.42,-0.106098,3.27963,0.470651,0.0516641,0.904752,1.39891
8.43,-0.112811,3.27709,0.471743,0.051534,0.904122,1.397
8.44,-0.119281,3.27465,0.472902,0.0515279,0.903609,1.39513
8.45,-0.125468,3.27099,0.474124,0.0515949,0.903445,1.3932
8.46,-0.131444,3.26622,0.475406,0.0516217,0.903471,1.39117
8.47,-0.137188,3.26099,0.476746,0.0516787,0.903687,1.38919
8.48,-0.142685,3.25496,0.478143,0.0517539,0.904094,1.38717
8.49,-0.148001,3.24814,0.479593,0.0518904,0.904716,1.38505
8.5,-0.15321,3.24067,0.481095,0.0520718,0.905515,1.38286
8.51,-0.158193,3.232,0.482647,0.0520892,0.906487,1.38071
8.52,-0.163012,3.22315,0.484251,0.0522585,0.907629,1.3785
8.53,-0.167702,3.21368,0.485903,0.0524962,0.908966,1.37621
8.54,-0.172248,3.20275,0.487602,0.0525308,0.910483,1.3739
8.55,-0.176621,3.19177,0.489346,0.0527411,0.912208,1.37161
8.56,-0.180886,3.17989,0.491133,0.0529386,0.914125,1.36924
8.57,-0.184982,3.16707,0.49296,0.053096,0.916212,1.36678
8.58,-0.188895,3.15421,0.494826,0.0533492,0.918445,1.36435
8.59,-0.192689,3.1404,0.496728,0.0534856,0.920836,1.36191
8.6,-0.196368,3.1264,0.498668,0.0537272,0.923381,1.35944
8.61,-0.19993,3.1116,0.500649,0.0539087,0.926098,1.35695
8.62,-0.203404,3.09618,0.502666,0.054069,0.92896,1.35441
8.63,-0.206804,3.08091,0.504716,0.0543812,0.93195,1.35186
8.64,-0.210082,3.06459,0.506797,0.0545041,0.93506,1.34927
8.65,-0.213345,3.04805,0.508907,0.0547009,0.938302,1.34663
8.66,-0.216524,3.03156,0.511055,0.0549845,0.94168,1.34404
8.67,-0.219639,3.01419,0.513236,0.0550871,0.94515,1.34141
8.68,-0.222666,2.99684,0.515446,0.0552986,0.948738,1.33875
8.69,-0.225727,2.97922,0.517682,0.055513,0.952391,1.336
8.7,-0.228649,2.9614,0.51995,0.0556745,0.956138,1.33332
8.71,-0.231506,2.94365,0.522252,0.0559354,0.959992,1.33061
8.72,-0.234306,2.92532,0.52458,0.0561015,0.963948,1.32787
8.73,-0.237113,2.907,0.526931,0.0563289,0.967974,1.32507
8.74,-0.239909,2.88872,0.529313,0.0565718,0.972086,1.32233
8.75,-0.242581,2.87018,0.531726,0.0567482,0.976251,1.31957
8.76,-0.245184,2.85176,0.534163,0.0570253,0.980463,1.31671
8.77,-0.24772,2.83309,0.536621,0.0572602,0.984735,1.31381
8.78,-0.250277,2.81454,0.53911,0.0574968,0.989083,1.31099
8.79,-0.252802,2.79617,0.541626,0.0578403,0.993521,1.30816
8.8,-0.25526,2.77723,0.544163,0.0580831,0.998021,1.30521
8.81,-0.257745,2.75839,0.546723,0.0583563,1.00259,1.30228
8.82,-0.260088,2.74013,0.549313,0.0587526,1.00719,1.29943
8.83,-0.262438,2.72151,0.551924,0.0590269,1.01184,1.29654
8.84,-0.264806,2.7031,0.554554,0.0593486,1.01653,1.29368
8.85,-0.267117,2.68492,0.557213,0.0598,1.02129,1.29076
8.86,-0.269401,2.66646,0.559896,0.060113,1.0261,1.28789
8.87,-0.271665,2.64812,0.562595,0.0604726,1.03096,1.28498
8.88,-0.273917,2.63,0.565322,0.0609632,1.0359,1.28204
8.89,-0.276132,2.61152,0.568072,0.0613171,1.04088,1.27908
8.9,-0.278329,2.5932,0.57084,0.0616917,1.04591,1.27613
8.91,-0.280476,2.57526,0.573631,0.062182,1.05098,1.27321
8.92,-0.28258,2.557,0.576446,0.0625556,1.05611,1.27025
8.93,-0.284666,2.53865,0.579278,0.0629231,1.06132,1.26729
8.94,-0.286879,2.52061,0.582132,0.0633903,1.06659,1.26434
8.95,-0.288957,2.50265,0.585012,0.0637846,1.07189,1.26147
8.96,-0.290965,2.48466,0.587907,0.0641789,1.07725,1.25857
8.97,-0.292928,2.46677,0.590823,0.0646509,1.08268,1.25562
8.98,-0.294861,2.44869,0.593762,0.0650303,1.08815,1.25266
8.99,-0.296739,2.43076,0.596714,0.0654386,1.09369,1.24971
9,-0.298673,2.41319,0.599691,0.0659214,1.09929,1.24685
9.01,-0.300474,2.39526,0.602687,0.0662611,1.10493,1.24394
9.02,-0.302245,2.37747,0.605694,0.0666645,1.11065,1.24102
9.03,-0.303891,2.35975,0.608726,0.0670769,1.11642,1.23809
9.04,-0.305553,2.34192,0.611771,0.0673809,1.12226,1.23523
9.05,-0.307232,2.32437,0.61483,0.0677619,1.12817,1.23239
9.06,-0.308841,2.30676,0.617912,0.068089,1.13415,1.22957
9.07,-0.310395,2.28901,0.621003,0.0683589,1.14017,1.2267
9.08,-0.311816,2.27152,0.624114,0.0687137,1.14627,1.22384
9.09,-0.313199,2.2539,0.627238,0.0689567,1.15242,1.22101
9.1,-0.3146,2.23622,0.630372,0.0691945,1.15866,1.21814
9.11,-0.315889,2.21886,0.633526,0.0695215,1.16495,1.2153
9.12,-0.317049,2.20118,0.636686,0.0696748,1.1713,1.21244
9.13,-0.318162,2.18371,0.639862,0.0698669,1.17772,1.20962
9.14,-0.319173,2.16632,0.643048,0.0700762,1.18422,1.20679
9.15,-0.32017,2.14872,0.64624,0.0701633,1.1908,1.20397
9.16,-0.321016,2.13126,0.649447,0.0702975,1.19744,1.20112
9.17,-0.321854,2.11389,0.652656,0.070379,1.20413,1.19832
9.18,-0.32256,2.09656,0.65588,0.0704067,1.2109,1.19555
9.19,-0.323229,2.07928,0.659105,0.0704683,1.21774,1.19275
9.2,-0.323783,2.06181,0.662339,0.0704009,1.22465,1.18992
9.21,-0.324275,2.04452,0.665579,0.0703461,1.23162,1.18713
9.22,-0.324651,2.02754,0.668819,0.0703255,1.23865,1.18441
9.23,-0.324923,2.0103,0.672069,0.0701626,1.24575,1.18164
9.24,-0.325078,1.9932,0.675313,0.070053,1.25293,1.17885
9.25,-0.325078,1.97622,0.678567,0.0699183,1.26017,1.1761
9.26,-0.325081,1.95926,0.681811,0.0696914,1.26747,1.17338
9.27,-0.324924,1.94246,0.685064,0.0695022,1.27485,1.17067
9.28,-0.324713,1.92574,0.688306,0.0692533,1.2823,1.16801
9.29,-0.324399,1.90902,0.691554,0.0689653,1.28982,1.16532
9.3,-0.323887,1.89253,0.69479,0.0686949,1.2974,1.16268
9.31,-0.323346,1.87603,0.698028,0.06834,1.30503,1.16004
9.32,-0.32261,1.85962,0.701253,0.0679879,1.31274,1.15739
9.33,-0.321901,1.84335,0.704478,0.0676589,1.32052,1.15473
9.34,-0.321011,1.82709,0.707688,0.0672341,1.32836,1.1521
9.35,-0.319899,1.81102,0.710894,0.0668414,1.33629,1.1495
9.36,-0.318698,1.79509,0.714084,0.0664682,1.34428,1.14689
9.37,-0.317381,1.77917,0.717264,0.0659795,1.35227,1.14427
9.38,-0.315914,1.76356,0.720428,0.0655178,1.36025,1.14167
9.39,-0.314322,1.74836,0.72358,0.065107,1.3682,1.13914
9.4,-0.312646,1.73327,0.726712,0.0645811,1.37615,1.13665
9.41,-0.310835,1.71842,0.72983,0.064065,1.38406,1.13415
9.42,-0.308855,1.70386,0.732926,0.0636,1.39194,1.13165
9.43,-0.306738,1.68942,0.736004,0.0630565,1.39979,1.12916
9.44,-0.304537,1.6753,0.739059,0.0625094,1.40763,1.12673
9.45,-0.302224,1.66147,0.742093,0.0619951,1.4154,1.12432
9.46,-0.299751,1.64783,0.745101,0.061429,1.42313,1.12192
9.47,-0.297106,1.63437,0.748084,0.0608718,1.43083,1.11951
9.48,-0.294341,1.62117,0.75104,0.0603498,1.43852,1.11712
9.49,-0.29143,1.60816,0.753968,0.059729,1.44613,1.11478
9.5,-0.288395,1.59552,0.756866,0.0591387,1.45366,1.11249
9.51,-0.285228,1.58314,0.759733,0.0585865,1.46114,1.11022
9.52,-0.282013,1.57092,0.762568,0.0579475,1.46859,1.108
9.53,-0.2786,1.55896,0.76537,0.0573123,1.47598,1.10582
9.54,-0.275085,1.54728,0.768137,0.0567086,1.48329,1.10366
9.55,-0.271422,1.53579,0.770868,0.0560866,1.49054,1.10151
9.56,-0.26777,1.52449,0.773564,0.055436,1.49773,1.09938
9.57,-0.263787,1.5135,0.77622,0.0548002,1.50481,1.09729
9.58,-0.259733,1.50276,0.778837,0.0541921,1.51178,1.09521
9.59,-0.255604,1.49216,0.781412,0.0535195,1.51869,1.09313
9.6,-0.251302,1.48182,0.783946,0.0528642,1.52552,1.09111
9.61,-0.246912,1.47166,0.786436,0.0522426,1.53231,1.08908
9.62,-0.242379,1.46172,0.788881,0.0516382,1.53904,1.08708
9.63,-0.23775,1.452,0.791281,0.0509813,1.54564,1.08512
9.64,-0.232921,1.44252,0.793633,0.0503558,1.55216,1.08319
9.65,-0.228016,1.4333,0.795937,0.0497689,1.5586,1.0813
9.66,-0.223024,1.4243,0.798191,0.0492219,1.56499,1.07946
9.67,-0.217899,1.4155,0.800395,0.0486402,1.57128,1.07764
9.68,-0.212651,1.40694,0.802547,0.0480464,1.57747,1.0759
9.69,-0.207368,1.39856,0.804646,0.0474752,1.58361,1.07419
9.7,-0.201929,1.3904,0.806692,0.0469215,1.58965,1.07251
9.71,-0.19648,1.38249,0.808684,0.0463865,1.59557,1.07087
9.72,-0.190841,1.37472,0.81062,0.0458477,1.60146,1.06927
9.73,-0.185073,1.3672,0.812499,0.0453167,1.60721,1.06771
9.74,-0.179346,1.35986,0.814319,0.0447949,1.61289,1.06619
9.75,-0.17332,1.35269,0.816082,0.0442886,1.61852,1.06472
9.76,-0.167306,1.34565,0.817784,0.0437984,1.62412,1.06328
9.77,-0.161219,1.33878,0.819425,0.0432954,1.62962,1.06187
9.78,-0.155068,1.33212,0.821006,0.0427792,1.63497,1.06049
9.79,-0.148745,1.32565,0.822524,0.0422817,1.64021,1.05915
9.8,-0.142376,1.31935,0.823978,0.0418041,1.64538,1.05784
9.81,-0.136133,1.31319,0.82537,0.0413422,1.65052,1.05658
9.82,-0.129515,1.30724,0.826697,0.0408992,1.65552,1.05534
9.83,-0.123154,1.3014,0.82796,0.0404563,1.66049,1.05416
9.84,-0.116477,1.29573,0.829157,0.0400132,1.6654,1.05303
9.85,-0.10968,1.29024,0.830287,0.0395824,1.67019,1.05193
9.86,-0.102885,1.28493,0.831349,0.0391626,1.67488,1.05089
9.87,-0.0959588,1.27979,0.832343,0.0387569,1.67948,1.04989
9.88,-0.0889725,1.27478,0.833267,0.0383546,1.68403,1.04894
9.89,-0.0820465,1.26995,0.834122,0.0379701,1.68848,1.04804
9.9,-0.0750495,1.26524,0.834907,0.0375656,1.69288,1.04718
9.91,-0.068022,1.26073,0.835623,0.0371569,1.69711,1.04637
9.92,-0.0609796,1.25635,0.836269,0.0367588,1.70126,1.0456
9.93,-0.0538191,1.25214,0.836843,0.0363734,1.7053,1.04487
9.94,-0.0466333,1.2481,0.837345,0.0360025,1.70921,1.04416
9.95,-0.0393854,1.24417,0.837776,0.0356361,1.71306,1.0435
9.96,-0.0322088,1.24043,0.838134,0.035263,1.71675,1.04289
9.97,-0.0249357,1.23687,0.838419,0.0348829,1.72033,1.04234
9.98,-0.0176573,1.23343,0.838633,0.0345167,1.72384,1.04183
9.99,-0.0103672,1.2302,0.838773,0.0341661,1.72718,1.04137
10,-0.00306077,1.22716,0.83884,0.0338388,1.73036,1.04095
10.01,0.00435748,1.22427,0.838834,0.0335306,1.73343,1.04057
